,0,1,2,3,4,5
0,0.34509999999999996,0.5736,0.1931,0.3181,0.6503,0.01953720240632346
1,0.5332,0.7906,0.09880000000000001,0.5664,0.7531,0.9951579520426461
2,0.6259,0.5821999999999999,0.3592,0.4604,0.6374,0.7592522460516573
3,0.5142,0.6665000000000001,0.2647,0.5605,0.9520000000000001,
0.8960031280345647
4,0.6731999999999999,0.807,0.6522,0.2228,0.8967,0.5973489910351264
5,0.5095000000000001,0.5487,0.134,0.5605,0.9035,0.29847802769973086
6,0.6533,0.6839,0.2804,0.42479999999999996,0.6378,0.2422179593993234
7,0.373,0.4524,0.361,0.45299999999999996,0.6503,0.005645781334575394
8,0.6259,0.5870000000000001,0.1777,0.3181,0.7865000000000001,
0.26015167558838653
9,0.4929,0.561,0.1931,0.4436,0.7475,0.08682397443642602
10,0.6483,0.4962,0.1873,0.546,0.7531,0.9863107209401468
11,0.5007,0.5596,0.2231,0.22390000000000002,0.6672,0.01926215398926952
12,0.5007,0.6269,0.2764,0.44689999999999996,0.8948999999999999,
0.01701855028047764
13,0.539,0.5482,0.2566,0.3336,0.7472,0.6565484167371549
14,0.5394,0.5487,0.25980000000000003,0.30670000000000003,0.6401,
0.005809058704600332
15,0.38439999999999996,0.4156,0.2231,0.5664,0.8762000000000001,
0.9259188609496004
16,0.37020000000000003,0.5877,0.2532,0.3458,0.7741,0.2217090884890126
17,0.5275,0.5501,0.3602,0.546,0.9569,0.8795801835464662
18,0.3096,0.6888,0.2562,0.42479999999999996,0.6401,0.8262171985901353
19,0.39390000000000003,0.6801,0.33990000000000004,0.3385,0.7468,
0.7812150734410059
20,0.4935,0.5872999999999999,0.26739999999999997,0.33740000000000003,
0.6241,0.003917769961254368
21,0.7226,0.6761,0.2701,0.3274,0.9834,0.8053682353944003
22,0.5095000000000001,0.6269,0.2231,0.3455,0.7617,0.0003805664945421436
23,0.385,0.4064,0.2532,0.6816,0.9031999999999999,0.3879733599168223
24,0.3504,0.4524,0.2566,0.5613,0.8686,0.4625678690366507
25,0.37189999999999995,0.5596,0.18100000000000002,0.4411,0.9519,
0.9901275440127311
26,0.5398,0.5877,0.1777,0.3065,0.6188,0.22598146825507634
27,0.37020000000000003,0.54,0.1777,0.5499,0.7617,0.29354118582568667
28,0.4935,0.5487,0.1931,0.5413,0.8686,0.522227931135082
29,0.7226,0.6801,0.36869999999999997,0.45640000000000003,0.8326,
0.9088177352790515
30,0.539,0.7456,0.2764,0.6633,0.8686,0.11311396675631974
31,0.5228,0.6944,0.6522,0.42479999999999996,0.8773000000000001,
0.6321629028762478
32,0.37799999999999995,0.5548,0.3478,0.45640000000000003,0.7753,
0.048109645783983114
33,0.5142,0.6801,0.3475,0.3297,0.6503,0.065347560323947
34,0.37020000000000003,0.6659,0.1931,0.42479999999999996,
0.8859999999999999,0.6572054747370621
35,0.37060000000000004,0.5771999999999999,0.19039999999999999,0.5499,
0.6378,0.9434316418418704

